111
222
333111
222


aaa
bbb
ccc


333111
222
333111
222
333111
222
333111
222
333111
222
333111
222
333111
222
333111
222
333111
222
333111
222
333111
222
333111
222
333111
222
333111
222
333111
222
333111
222
333111
222
333111
222
333111
222
333111
222
333111
222
333111
222
333111
222
333111
222
333111
222
333111
222
333111
222
333111
222
333111
222
333111
222
333111
222
333111
222
333111
222
333111
222
333111
222
333111
222
333111
222
333111
222
333111
222
333111
222
333111
222
333111
222
333111
222
333111
222
333111
222
333111
222
333111
222
333111
222
333111
222
333111
222
333111
222
333111
222
333111
222
333111
222
333111
222
333111
222
333111
222
333111
222
333111
222
333111
222
333111
222
333111
222
333111
222
333111
222
333111
222
333111
222
333111
222
333111
222
333111
222
333111
222
333111
222
333111
222
333111
222
333111
222
333111
222
333111
222
333111
222
333111
222
333111
222
333111
222
333111
222
333111
222
333111
222
333111
222
333111
222
333111
222
333111
222
333111
222
333111
222
333111
222
333111
222
333111
222
333111
222
333111
222
333111
222
333111
222
333111
222
333111
222
333111
222
333111
222
333111
222
333111
222
333111
222
333111
222
333111
222
333111
222
333111
222
333111
222
333111
222
333
